4322
4352
4380
4404
4425
4442
4457
4468
4477
4483
4486
4487
4486
4483
4479
4473
4467
4459
4452
4444
4436
4429
4422
4417
4412
4409
4407
4408
4409
4413
4419
4427
4437
4450
4464
4480
4498
4518
4539
4562
4586
4611
4637
4664
4690
4717
4743
4768
4793
4816
4838
4858
4876
4891
4904
4914
4921
4924
4925
4922
4915
4904
4890
4872
4851
4826
4797
4765
4729
4691
4650
4606
4560
4512
4462
4411
4358
4305
4252
4198
4145
4093
4041
3991
3943
3897
3853
3811
3772
3737
3705
3676
3650
3629
3611
3596
3586
3579
3576
3576
3580
3587
3597
3610
3625
3643
3663
3684
3707
3731
3756
3781
3806
3831
3855
3879
3901
3921
3940
3956
3970
3982
3991
3996
3999
3999
3995
3989
3979
3965
3949
3930
3907
3882
3854
3824
3791
3757
3721
3683
3645
3605
3565
3525
3485
3445
3406
3368
3331
3296
3262
3231
3201
3174
3149
3127
3107
3091
3077
3065
3057
3051
3047
3046
3047
3051
3056
3063
3071
3080
3091
3102
3113
3125
3136
3146
3156
3165
3172
3178
3182
3184
3184
3181
3176
3168
3157
3144
3128
3109
3087
3062
3035
3005
2973
2939
2903
2866
2827
2787
2746
2705
2663
2622
2582
2542
2504
2467
2432
2400
2370
2343
2319
2298
2281
2268
2259
2254
2254
2258
2266
2278
2295
2316
2342
2371
2404
2441
2482
2526
2573
2622
2674
2728
2784
2841
2899
2957
3016
3075
3133
3191
3248
3303
3356
3408
3457
3503
3547
3588
3627
3662
3694
3722
3748
3770
3789
3805
3818
3828
3836
3841
3844
3844
3843
3841
3837
3832
3827
3821
3815
3809
3804
3799
3795
3793
3792
3792
3794
3798
3804
3812
3823
3835
3850
3867
3886
3906
3929
3954
3980
4008
4036
4066
4096
4127
4158
4188
4218
4248
4276
4303
4328
4352
4373
4392
4408
4421
4431
4437
4441
4441
4437
4430
4419
4404
4386
4364
4339
4311
4280
4246
4209
4170
4129
4086
4041
3996
3950
3903
3856
3810
3764
3719
3675
3633
3593
3556
3520
3488
3459
3433
3410
3391
3375
3363
3355
3351
3351
3354
3361
3371
3385
3402
3421
3444
3469
3496
3524
3555
3586
3619
3652
3685
3718
3750
3782
3813
3842
3869
3894
3917
3938
3956
3971
3983
3991
3997
3999
3999
3995
3987
3977
3963
3947
3928
3907
3883
3857
3830
3801
3770
3739
3707
3675
3643
3611
3579
3549
3519
3491
3465
3440
3418
3397
3380
3364
3351
3341
3334
3329
3327
3327
3330
3336
3344
3353
3365
3378
3393
3409
3427
3444
3462
3481
3499
3516
3533
3549
3563
3576
3587
3596
3602
3607
3608
3607
3604
3597
3587
3575
3560
3542
3521
3497
3472
3444
3414
3382
3348
3314
3278
3242
3205
3168
3132
3097
3062
3029
2998
2969
2942
2918
2897
2879
2865
2854
2847
2845
2846
2852
2861
2876
2894
2917
2943
2974
3009
3047
3089
3134
3182
3233
3286
3342
3398
3457
3516
3576
3636
3697
3757
3816
3874
3930
3985
4038
4088
4136
4182
4224
4263
4300
4333
4362
4389
4412
4431
4448
4461
4472
4479
4484
4487
4487
4485
4482
4477
4471
4464
4457
4449
4441
4434
4427
4420
4415
4411
4408
4407
4408
4411
4415
4422
4431
4441
4454
4469
4486
4505
4525
4547
4570
4595
4620
4646
4673
4699
4726
4752
4777
4801
4824
4845
4864
4881
4896
4908
4916
4922
4925
4924
4920
4912
4900
4884
4865
4842
4816
4786
4753
4717
4677
4635
4591
4544
4495
4445
4393
4340
4287
4233
4180
4127
4075
4024
3974
3927
3881
3838
3797
3760
3725
3694
3666
3642
3622
3605
3592
3583
3577
3575
3577
3582
3590
3601
3615
3631
3650
3670
3692
3715
3740
3764
3790
3815
3839
3863
3886
3908
3928
3946
3961
3975
3985
3993
3998
4000
3998
3994
3986
3974
3960
3943
3922
3899
3873
3844
3813
3780
3745
3708
3670
3631
3591
3551
3511
3471
3432
3393
3355
3319
3284
3251
3220
3191
3165
3141
3120
3101
3085
3072
3062
3054
3049
3046
3046
3048
3052
3058
3065
3074
3084
3094
3106
3117
3128
3139
3150
3159
3168
3175
3180
3183
3184
3183
3180
3174
3165
3153
3139
3121
3101
3079
3053
3025
2995
2962
2927
2891
2853
2813
2773
2732
2691
2649
2608
2568
2529
2491
2455
2421
2389
2360
2334
2311
2292
2276
2265
2257
2254
2255
2260
2270
2284
2302
2324
2351
2382
2417
2455
2497
2542
2589
2640
2692
2747
2803
2861
2919
2978
3037
3095
3153
3211
3267
3321
3374
3425
3473
3519
3562
3602
3639
3673
3704
3731
3756
3777
3795
3810
3822
3831
3838
3842
3844
3844
3843
3840
3835
3830
3825
3819
3813
3807
3802
3798
3794
3792
3791
3792
3795
3800
3807
3816
3827
3840
3855
3873
3893
3914
3938
3963
3989
4017
4046
4076
4107
4137
4168
4199
4229
4258
4286
4312
4337
4359
4380
4397
4412
4424
4433
4439
4441
4440
4435
4426
4414
4398
4379
4356
4330
4301
4268
4233
4196
4156
4114
4071
4026
3980
3934
3887
3840
3794
3748
3704
3661
3619
3580
3543
3509
3478
3449
3424
3403
3385
3371
3360
3353
3351
3351
3356
3364
3375
3390
3408
3429
3452
3478
3505
3535
3566
3597
3630
3663
3696
3729
3762
3793
3823
3851
3878
3903
3925
3944
3961
3975
3986
3994
3998
4000
3998
3992
3984
3973
3958
3941
3921
3899
3874
3848
3820
3790
3760
3728
3696
3664
3632
3600
3569
3539
3510
3482
3456
3432
3411
3391
3374
3359
3348
3338
3332
3328
3327
3328
3332
3338
3347
3357
3370
3383
3399
3415
3433
3450
3469
3487
3505
3522
3538
3554
3568
3580
3590
3598
3604
3608
3608
3606
3602
3594
3584
3570
3554
3535
3513
3489
3462
3433
3403
3370
3336
3301
3265
3229
3192
3156
3120
3085
3051
3018
2988
2959
2934
2911
2891
2874
2861
2851
2846
2845
2847
2854
2866
2881
2901
2925
2954
2986
3022
3061
3104
3151
3200
3251
3305
3361
3418
3477
3537
3597
3657
3717
3777
3836
3893
3949
4003
4055
4105
4152
4197
4238
4276
4311
4343
4372
4397
4419
4437
4453
4465
4474
4481
4485
4487
4487
4484
4480
4475
4469
4462
4454
4446
4438
4431
4424
4418
4413
4410
4408
4407
4409
4412
4417
4425
4434
4446
4459
4475
4492
4512
4533
4555
4579
4604
4629
4655
4682
4709
4735
4761
4785
4809
4831
4852
4870
4886
4900
4911
4919
4924
4925
4923
4917
4908
4895
4878
4858
4834
4806
4775
4741
4703
4663
4620
4575
4527
4478
4427
4375
4322
4268
4215
4162
4109
4057
4007
3958
3911
3866
3824
3784
3748
3714
3684
3658
3635
3616
3600
3589
3581
3576
3576
3578
3584
3593
3605
3620
3637
3656
3677
3700
3724
3748
3773
3798
3823
3848
3871
3894
3915
3934
3951
3966
3979
3988
3995
3999
3999
3997
3991
3982
3970
3954
3936
3914
3890
3863
3833
3802
3768
3732
3695
3657
3617
3578
3537
3497
3457
3418
3380
3342
3307
3272
3240
3210
3182
3157
3134
3113
3096
3081
3068
3059
3052
3048
3046
3047
3049
3054
3060
3068
3077
3087
3098
3110
3121
3132
3143
3153
3162
3170
3177
3181
3184
3184
3182
3178
3171
3161
3148
3133
3115
3094
3070
3044
3015
2983
4052
4039
4024
4009
3993
3975
3957
3938
3919
3899
3878
3858
3837
3817
3797
3778
3760
3742
3726
3710
3696
3684
3673
3665
3658
3653
3650
3649
3651
3654
3660
3668
3679
3691
3706
3723
3741
3762
3784
3808
3833
3859
3887
3915
3945
3974
4004
4035
4065
4094
4124
4152
4180
4207
4232
4256
4279
4300
4319
4336
4351
4364
4375
4384
4390
4395
4397
4397
4395
4390
4384
4376
4365
4354
4340
4325
4309
4291
4272
4252
4232
4211
4189
4167
4144
4122
4099
4077
4055
4033
4011
3990
3969
3949
3929
3910
3891
3873
3856
3838
3822
3805
3789
3773
3757
3740
3724
3707
3690
3673
3655
3636
3616
3595
3573
3550
3526
3500
3473
3444
3414
3382
3349
3314
3278
3240
3201
3160
3119
3075
3031
2986
2940
2893
2846
2799
2751
2703
2656
2608
2562
2516
2471
2428
2385
2345
2305
2268
2233
2200
2169
2141
2115
2091
2071
2053
2037
2024
2014
2007
2002
2000
2000
2002
2007
2014
2023
2034
2046
2060
2075
2091
2109
2127
2145
2164
2183
2203
2222
2240
2258
2276
2293
2309
2324
2337
2350
2361
2372
2380
2388
2394
2399
2402
2404
2405
2405
2404
2402
2399
2396
2392
2387
2382
2378
2373
2368
2363
2359
2356
2353
2351
2349
2349
2350
2352
2355
2360
2366
2373
2382
2391
2403
2415
2429
2444
2460
2477
2495
2514
2533
2554
2574
2595
2616
2637
2658
2679
2700
2720
2739
2758
2776
2793
2809
2824
2838
2851
2863
2873
2883
2891
2898
2904
2909
2913
2916
2919
2920
2922
2923
2924
2925
2926
2927
2929
2931
2934
2938
2944
2950
2958
2968
2979
2993
3008
3025
3045
3067
3091
3117
3146
3177
3210
3245
3283
3323
3365
3409
3454
3502
3550
3601
3652
3704
3758
3811
3866
3920
3974
4029
4082
4136
4188
4239
4290
4338
4386
4432
4475
4517
4558
4595
4631
4665
4696
4725
4752
4777
4799
4819
4837
4853
4867
4879
4890
4898
4906
4912
4916
4920
4922
4924
4925
4926
4926
4925
4925
4925
4924
4924
4924
4924
4924
4925
4926
4928
4930
4932
4934
4937
4940
4944
4947
4950
4954
4957
4959
4962
4963
4964
4965
4964
4962
4959
4955
4949
4942
4934
4924
4912
4898
4883
4865
4847
4826
4803
4779
4753
4726
4697
4667
4635
4603
4569
4535
4499
4464
4428
4392
4356
4320
4285
4250
4216
4183
4151
4121
4092
4065
4040
4016
3995
3976
3959
3945
3932
3922
3915
3910
3907
3907
3909
3913
3919
3927
3937
3949
3962
3977
3993
4010
4028
4046
4065
4085
4104
4124
4143
4162
4181
4198
4215
4231
4245
4258
4270
4281
4290
4297
4303
4307
4309
4310
4309
4307
4303
4297
4291
4283
4274
4264
4253
4241
4229
4216
4203
4190
4176
4163
4150
4137
4125
4113
4102
4092
4082
4074
4067
4060
4055
4051
4048
4045
4044
4044
4045
4047
4050
4053
4057
4062
4066
4071
4077
4082
4087
4092
4096
4100
4104
4106
4108
4109
4108
4107
4104
4100
4095
4088
4080
4070
4059
4047
4034
4019
4004
3987
3969
3951
3931
3912
3892
3871
3851
3830
3810
3791
3772
3754
3736
3720
3705
3692
3680
3670
3662
3656
3651
3649
3649
3652
3656
3663
3672
3683
3696
3711
3729
3748
3769
3792
3816
3842
3869
3897
3925
3955
3985
4015
4045
4075
4104
4134
4162
4189
4216
4241
4264
4286
4306
4325
4341
4356
4368
4378
4386
4392
4396
4397
4396
4393
4388
4381
4372
4362
4349
4335
4319
4303
4285
4265
4245
4225
4203
4181
4159
4137
4114
4092
4069
4047
4025
4004
3983
3962
3942
3923
3904
3885
3867
3850
3833
3816
3799
3783
3767
3751
3735
3718
3702
3684
3667
3648
3629
3609
3588
3565
3542
3517
3491
3463
3434
3403
3371
3337
3302
3265
3227
3187
3146
3104
3060
3016
2970
2924
2877
2830
2782
2734
2687
2639
2592
2546
2501
2456
2413
2371
2331
2292
2256
2221
2189
2159
2132
2106
2084
2064
2047
2032
2021
2011
2005
2001
2000
2000
2004
2009
2017
2026
2038
2051
2065
2081
2097
2115
2133
2152
2171
2190
2209
2228
2247
2265
2282
2298
2314
2329
2342
2354
2365
2375
2383
2390
2396
2400
2403
2405
2405
2405
2403
2401
2398
2394
2390
2386
2381
2376
2371
2366
2362
2358
2355
2352
2350
2349
2349
2351
2353
2357
2362
2368
2376
2385
2395
2407
2420
2434
2449
2466
2483
2501
2521
2540
2561
2581
2602
2623
2645
2666
2686
2707
2727
2746
2764
2782
2799
2815
2829
2843
2855
2867
2877
2886
2893
2900
2906
2910
2914
2917
2919
2921
2922
2923
2924
2925
2926
2927
2929
2932
2935
2940
2946
2953
2961
2972
2984
2998
3014
3032
3052
3075
3100
3127
3156
3188
3222
3258
3297
3337
3380
3424
3470
3518
3568
3618
3670
3723
3776
3830
3884
3939
3993
4047
4101
4154
4206
4257
4307
4355
4402
4447
4490
4532
4571
4608
4643
4676
4706
4735
4761
4785
4806
4826
4843
4858
4872
4883
4893
4901
4908
4913
4918
4921
4923
4925
4925
4926
4926
4925
4925
4924
4924
4924
4924
4924
4924
4925
4927
4928
4930
4933
4935
4938
4942
4945
4948
4952
4955
4958
4960
4962
4964
4964
4964
4963
4961
4958
4953
4947
4939
4930
4920
4907
4893
4877
4859
4840
4818
4795
4770
4744
4716
4687
4656
4624
4591
4557
4523
4487
4451
4415
4379
4343
4308
4273
4238
4205
4172
4141
4111
4083
4056
4032
4009
3988
3970
3954
3940
3929
3920
3913
3909
3907
3907
3910
3915
3921
3930
3941
3953
3967
3982
3998
4016
4034
4053
4072
4092
4111
4131
4150
4169
4187
4204
4220
4236
4250
4263
4274
4284
4292
4299
4304
4308
4310
4310
4308
4305
4301
4295
4288
4280
4271
4260
4249
4237
4225
4212
4198
4185
4172
4158
4145
4133
4121
4109
4098
4088
4079
4071
4064
4058
4053
4049
4047
4045
4044
4045
4046
4048
4051
4054
4059
4063
4068
4073
4079
4084
4089
4094
4098
4102
4105
4107
4108
4109
4108
4106
4103
4098
4092
4085
4077
4067
4055
4043
4029
4014
3998
3981
3963
3944
3925
3905
3885
3864
3844
3823
3803
3784
3765
3747
3731
3715
3701
3688
3677
3667
3660
3654
3650
3649
3650
3653
3658
3666
3675
3687
3701
3717
3735
3755
3777
3800
3825
3851
3878
3907
3936
3965
3995
4025
4055
4085
4115
4143
4171
4198
4224
4249
4272
4293
4313
4331
4346
4360
4372
4381
4389
4394
4396
4397
4395
4392
4386
4378
4369
4357
4344
4330
4314
4297
4278
4259
4238
4217
4196
4174
4151
4129
4106
4084
4062
4039
4018
3996
3976
3955
3935
3916
3897
3879
3861
3844
3827
3810
3794
3778
3762
3745
3729
3713
3696
3678
3660
3642
3622
3602
3580
3557
3533
3508
3481
3453
3424
3392
3360
3325
3290
3252
3213
3173
3132
3089
3045
3000
2954
2908
2861
2813
2766
2718
2670
2623
2576
2530
2485
2441
2398
2357
2317
2280
2244
2210
2178
2149
2123
2098
2077
2058
2042
2028
2017
2009
2003
2000
2000
2001
2005
2012
2020
2030
2042
2055
2070
2086
2103
2121
2139
2158
2177
2197
2216
2235
2253
2271
2288
2304
2319
2333
2346
2358
2369
2378
2386
2392
2397
2401
2404
2405